
KEY_WALLET = 33tUMDZsTYNDr1bZZ6ryrtUah5REd8WT9xZRr8dnqX7R
SECRET_KEY_WALLET = "[43,172,98,103,0,130,129,67,83,125,243,200,190,83,162,68,245,228,34,200,149,22,85,38,103,213,109,34,57,192,68,189,75,59,160,119,156,87,64,157,134,181,179,171,43,34,11,99,80,197,2,107,13,224,234,24,40,177,129,38,172,191,15,29]"

TOKEN_COP = 8AhWCEHCdSwnNEeARukncM4sKaTeGvxTka1nMa6VsGck
SECRET_KEY_TOKEN_COP = "[
  85, 124, 141, 128, 241, 218,  54, 248, 106,  98, 103,
  170,  40, 245, 222,  59, 225,  82, 164,  98,  43, 219,
  62,  66,  14, 135, 141, 212, 201,  24, 238, 227, 106,
  125, 213,  65, 223, 142, 227,  68, 108,  62,  97, 238,
  47, 135, 191, 240, 143, 126, 135, 184, 208,  89,  57,
  129, 187, 195, 125,  21,   9, 185, 204,  37
]"

TOKEN_COP_FREEZE_AUTHORITY = ZLJA4FSxqzxTuR9LhHr6KAXwdbN4tD9N5HU1665VJj5
SECRET_KEY_FREEZE_AUTHORITY = "[
  162,  36, 143, 255, 181,  29, 188, 246,  98, 225,  26,
  84, 251,  33, 198,   4, 248,  54,  36,  45, 143, 100,
  38,  72,  62, 216, 158, 168,  38,  15,  94, 238,   8,
  72, 103,  89, 237,  27, 255,  24, 203, 165, 240, 140,
  36, 135,  82, 170, 142, 121, 104, 214, 213,  36, 123,
  96,  64, 183, 182, 105, 140,  12, 119, 236
]"

# Solana Address: 3gT299BtUQxdDPfTyQ3dLc2AmNXjnpLPAm82MNSZ9wM2
PRIVATE_KEY_2="[
    47,   2,  64, 154, 147,  64, 233, 223, 169,  17, 113,
    215, 230,  84, 244, 237,  89,  84,  29, 193, 167, 211,
    113, 216, 142, 187,  88,  73,  86, 178, 150, 127,  39,
    210, 114,  40, 147, 130,  26,  81,  81, 115,  65, 127,
    40,  68, 143, 173, 118, 196,  28,  97, 224, 148, 107,
    34, 251, 192, 229, 113,  67,   7, 254,  65
  ]"